[data]
Password = 6422626
Cash = 0
Admin = 0
Sex = 1
Age = 20
Pos_x = 1308.757202
Pos_y = 282.549804
Pos_z = 19.406250
Skin = 60
Team = 0
Accent = 0
Helper = 0
HelperDuty = 0
Level = 0
Cellphone = 0
Number = 0
NMute = 0
Bank = 0
AdminDuty = 0
Speedo = 0
