[data]
Password = 313262944
Cash = 39321600
Admin = 0
Sex = 1
Age = 20
Pos_x = 1373.452758
Pos_y = 212.786254
Pos_z = 19.406250
Skin = 60
Team = 0
Accent = 0
Helper = 0
Level = 0
Cellphone = 0
Number = 0
Bank = 38400
HelperDuty = 0
