[data]
Password = 313262944
Cash = 1200
Admin = 1337
Sex = 1
Age = 29
Pos_x = 1361.734130
Pos_y = 211.434631
Pos_z = 19.554687
Skin = 60
Team = 0
Accent = 0
Helper = 1
Level = 0
Cellphone = 0
Number = 0
Bank = 1200
HelperDuty = 0
