[data]
Password = 313262944
Cash = 0
Admin = 1337
Sex = 1
Age = 29
Pos_x = 1280.391601
Pos_y = 226.253631
Pos_z = 19.406250
Skin = 60
Team = 0
Accent = 0
Helper = 1
Level = 0
Bank = 6963200
HelperDuty = 0
AdminDuty = 0
Speedo = 0
